neighbors,closeness_centrality
1,0
1,0
1,0
1,0
1,0
1,0
1,0
1,0
1,0
1,0
1,0
1,0
1,0
1,0
1,0
1,0
1,0
1,0.2553191489
1,0.2727272727
1,0.2941176471
1,0.2941176471
1,0.3023255814
1,0.3076923077
1,0.3214285714
1,0.3214285714
1,0.3214285714
1,0.3214285714
1,0.3214285714
1,0.3214285714
1,0.3333333333
1,0.3571428571
1,0.3571428571
1,0.375
1,0.375
1,0.375
1,0.3888888889
1,0.3888888889
1,0.4090909091
1,0.4210526316
1,0.4210526316
1,0.4210526316
1,0.4210526316
1,0.4285714286
1,0.4285714286
1,0.4285714286
1,0.4444444444
1,0.4444444444
1,0.4444444444
1,0.4444444444
1,0.4444444444
1,0.4444444444
1,0.5
1,0.6
1,0.6
1,0.6
1,0.6
1,0.6
1,0.6
1,0.6
1,0.6
1,0.6
1,0.6
1,0.6666666667
1,0.6666666667
1,0.6666666667
1,0.6666666667
1,0.6666666667
1,0.6666666667
1,0.6666666667
1,0.6666666667
1,0.6666666667
1,1
1,1
1,1
1,1
1,1
1,1
1,1
1,1
1,1
1,1
1,1
1,1
1,1
1,1
1,1
1,1
1,1
1,1
1,1
1,1
1,1
1,1
1,1
1,1
1,1
1,1
1,1
1,1
1,1
1,1
1,1
1,1
1,1
2,0
2,0
2,0
2,0
2,0
2,0
2,0
2,0
2,0
2,0
2,0.2978723404
2,0.3333333333
2,0.34375
2,0.3448275862
2,0.3448275862
2,0.3448275862
2,0.3448275862
2,0.3548387097
2,0.375
2,0.3846153846
2,0.4166666667
2,0.4210526316
2,0.4210526316
2,0.4210526316
2,0.4210526316
2,0.4444444444
2,0.4444444444
2,0.45
2,0.45
2,0.45
2,0.4545454545
2,0.4736842105
2,0.5
2,0.5
2,0.5
2,0.5
2,0.5
2,0.5
2,0.5
2,0.5
2,0.5
2,0.6
2,0.6
2,0.625
2,0.6666666667
2,0.6666666667
2,0.6666666667
2,0.6666666667
2,0.75
2,0.75
2,0.75
2,0.75
2,0.75
2,0.75
2,1
2,1
2,1
2,1
2,1
2,1
2,1
2,1
2,1
2,1
2,1
2,1
2,1
2,1
2,1
3,0
3,0
3,0
3,0
3,0
3,0
3,0.3142857143
3,0.3529411765
3,0.3888888889
3,0.3913043478
3,0.4444444444
3,0.45
3,0.4782608696
3,0.5
3,0.5
3,0.5
3,0.5
3,0.5
3,0.5263157895
3,0.5294117647
3,0.5333333333
3,0.5333333333
3,0.5333333333
3,0.5333333333
3,0.5333333333
3,0.5333333333
3,0.5333333333
3,0.5333333333
3,0.5333333333
3,0.5333333333
3,0.5384615385
3,0.625
3,0.7142857143
3,1
3,1
3,1
3,1
3,1
3,1
3,1
3,1
3,1
3,1
3,1
3,1
3,1
3,1
4,0
4,0
4,0.3214285714
4,0.4545454545
4,0.4761904762
4,0.48
4,0.5
4,0.5263157895
4,0.5294117647
4,0.5333333333
4,0.625
4,0.6428571429
4,0.6666666667
4,0.6666666667
4,0.8333333333
4,0.8333333333
4,1
4,1
4,1
4,1
5,0
5,0
5,0.5333333333
5,0.5833333333
5,0.6
5,1
6,0
6,0
6,0.375
6,0.4
6,0.6153846154
6,0.625
6,0.6363636364
6,0.7142857143
7,0
10,0.6363636364
12,0.5
13,0.5454545455
17,1
20,0.4210526316
25,0.6
25,0.6
26,1
27,0
39,0
