x,y
1,0
1,0
2,0.2
2,0.3
2,0.2
2,0.3
1,0
1,0
1,0
1,0
1,0
1,0
2,0.5
2,0
39,0
2,0
3,3.37313634217095E-05
1,0
10,0.0006971148
3,0
2,0
5,6.7462726843419E-05
2,0
3,0
4,0
4,0
4,0
27,0
2,0
25,0.0029936585
4,0.0003373136
2,0
20,0.0029514943
3,0
4,0.000050597
4,0.000050597
7,0
2,0
3,1.68656817108548E-05
6,0.0006240302
2,0
4,3.37313634217095E-05
4,8.43284085542738E-05
2,6.7462726843419E-05
1,0
6,0.0002361195
3,0
2,0
2,0
4,0
25,0.0010962693
4,0
1,0
3,0
2,6.7462726843419E-05
2,0
6,0
3,0
2,0
3,3.37313634217095E-05
1,0
2,1.68656817108548E-05
3,0
2,6.7462726843419E-05
4,0.000050597
3,0
3,0
3,0
4,3.93532573253278E-05
2,0
1,0
1,0
3,0
2,0
13,0.0034237334
1,0
26,0.003971868
2,0
2,0
2,0.0001855225
3,0
1,0
2,0
2,0
1,0
2,0
2,0
1,0
3,0
3,0
1,0
6,0.0002529852
6,0
3,0.0002698509
1,0
1,0
3,0
17,0.0007758214
1,0
5,0
5,0.000050597
1,0
3,3.37313634217095E-05
4,0
1,0
1,0
2,0
1,0
3,0
3,0.000050597
2,0
2,0
1,0
4,0
3,0
3,0
1,0
3,3.37313634217095E-05
1,0
1,0
2,0
2,0
5,0
2,0
2,0
2,0
12,0.000581866
1,0
2,3.37313634217095E-05
3,0
1,0
6,0.0002023882
6,0.0002248758
3,0
2,0
2,0
1,0
3,1.68656817108548E-05
4,0.000371045
5,0.0001264926
2,0
6,0.0004469406
1,0
2,0
2,0
4,7.58955676988464E-05
4,9.27612494097012E-05
2,0
1,0
3,3.37313634217095E-05
2,6.7462726843419E-05
2,0.0001517911
2,0
3,0
2,0
2,0
2,0
1,0
1,0
2,0
3,0
4,3.37313634217095E-05
2,0
1,0
1,0
3,2.52985225662821E-05
1,0
3,0
3,0
5,0.0001011941
1,0
2,0
1,0
3,0
1,0
2,0
1,0
3,0
3,0
1,0
3,0.0001855225
1,0
1,0
2,0
1,0
1,0
1,0
1,0
1,0
1,0
1,0
1,0
1,0
4,8.43284085542738E-05
2,0
1,0
3,0
3,0
1,0
1,0
1,0
3,0
1,0
1,0
3,0.000050597
1,0
1,0
3,0.000050597
3,0
1,0
1,0
1,0
3,0.0003373136
1,0
1,0
2,0
1,0
1,0
1,0
2,0
4,0
3,0
1,0
1,0
2,1.68656817108548E-05
2,0
1,0
1,0
3,0
1,0
2,1.68656817108548E-05
2,0
1,0
1,0
2,0
1,0
2,0
1,0
2,0
1,0
1,0
1,0
2,0
1,0
1,0
1,0
1,0
1,0
1,0
1,0
2,0
1,0
1,0
1,0
1,0
1,0
1,0
1,0
1,0
2,0.5
1,0
1,0
1,0
1,0
1,0
