0	154	0			
1	55	55			
2	23	46			
3	12	36			
4	6	24			
5	1	5			
6	3	18			
7	2	14			
8	0	0			
9	0	0			
10	2	20			
11	0	0			
12	0	0			
13	0	0			
14	0	0			
15	1	15			
16	0	0			
17	0	0			
18	0	0			
19	1	19			
20	0	0			
21	0	0			
22	0	0			
23	0	0			
24	2	48			
25	1	25			
26	0	0			
27	0	0			
28	0	0			
29	0	0			
30	0	0			
31	0	0			
32	0	0			
33	1	33			
34	0	0			
35	0	0			
36	0	0			
37	0	0			
38	0	0			
39	0	0			
40	0	0			
41	0	0			
42	0	0			
43	0	0			
44	1	44	402	265	1.5169811321
x	f	fi*xi	sum(fi*xi)	sum(fi)	sum(fi*xi)/sum(fi)
					
		u = sum fi*xi/sum fi			
